700
31 1722 851 1864
2731 8 3793 1302
2489 1689 3949 2219
1429 453 1827 834
927 167 4283 2422
1245 1255 1515 1940
2907 467 2909 582
2553 2026 2619 2224
1085 1214 4457 1678
1195 628 2613 1212
1003 994 1303 1050
1613 251 4063 1715
3401 989 4915 1426
925 761 2527 1608
1887 282 2515 893
2817 1665 3577 1675
451 248 1053 1391
743 1955 3719 2074
209 105 3049 1805
2959 529 4463 2362
67 1829 483 2270
2073 1513 3451 1737
2961 1030 3711 1616
1793 750 4491 1936
1407 591 2765 1670
145 243 2247 2037
2229 559 2861 1300
265 741 333 2284
843 335 3881 754
1385 726 1685 961
225 1035 4989 2279
1527 477 1957 632
2869 1543 2905 1615
3653 2418 4609 2423
3343 180 4015 1246
205 755 2375 1355
1257 919 3579 1444
2241 658 2403 2010
1811 457 3969 942
995 1840 3809 1866
4249 351 4941 1249
1007 1568 2617 2242
825 1778 1693 2478
1115 314 3347 1429
2635 1602 3651 2393
1389 1347 4337 2139
809 1025 4229 2278
1905 1348 4983 1877
1159 150 1673 1839
279 1581 2513 2209
2055 1559 3845 1736
565 437 3007 1674
621 145 3275 1028
3355 228 4921 963
1383 33 3001 1046
1525 746 2109 1511
871 1720 2831 2156
1067 96 4011 402
1455 558 1747 2358
1799 481 4445 536
1061 723 3221 2226
3331 1928 3947 2311
1321 1272 2339 2305
3439 848 3617 2288
3037 1073 4031 1589
763 689 2071 1048
1721 1301 2827 1927
103 98 2857 493
919 470 1213 1375
1785 1056 3983 1277
719 88 3827 542
343 238 409 825
1577 165 4657 2055
3479 1236 3733 2117
523 128 2151 1263
407 121 1579 1071
619 652 1125 2293
1551 1687 3205 2299
3455 766 3735 2218
3191 1541 3701 1819
773 1257 3813 1613
991 637 3749 657
3023 1370 3341 1499
113 1793 127 2027
1229 20 1305 1200
291 1569 2087 2190
121 579 1877 1081
895 1932 2427 1987
759 696 2845 1906
157 798 281 1971
1201 870 3065 1714
139 1280 973 2434
1323 1510 4823 2433
1733 1782 2485 2352
183 1786 3315 1901
2213 62 4853 1509
2445 966 2939 2388
2539 196 4795 1591
2737 346 3891 430
4477 894 4551 1380
2399 511 4393 2277
2497 1331 4381 1883
1091 360 3529 2441
3509 154 4995 516
3517 250 4557 2194
2717 84 2793 488
741 407 3089 640
2111 573 4395 899
3699 2000 4499 2038
2003 386 2147 1168
1275 1694 1919 2442
269 175 2343 2304
1117 1024 2821 2001
883 1850 4009 2083
3513 515 4183 828
2771 259 3761 2417
309 1196 3243 2323
1029 810 3523 1207
1873 1758 4689 2197
1233 1557 2631 2427
2509 1815 4729 2149
3197 1143 4111 1966
1369 669 4969 2059
1655 309 3029 2414
1217 181 3569 2407
1019 218 1343 2387
1757 1845 3299 1994
3681 566 4213 682
819 1040 1727 1590
419 617 2355 1632
841 943 1271 2239
3729 571 4509 928
1363 950 2567 1998
2165 109 2685 1411
481 822 4753 968
2525 1563 4235 1800
1891 826 3935 1943
2139 472 2227 758
1035 38 1367 2348
293 1153 3295 1538
1099 441 1643 1917
393 266 1915 392
2159 72 4907 1875
2695 614 3993 1776
151 2222 397 2229
1189 534 3551 2234
1253 512 2415 1405
2149 1379 4879 1952
303 1896 4607 1988
1255 2315 4611 2351
699 937 3113 2093
1157 623 1611 1164
657 1911 1273 2330
3247 77 4885 667
257 255 285 862
593 677 4655 2075
3739 2202 4391 2475
4255 981 4479 2463
725 417 2217 1653
821 229 4115 1621
159 1858 4691 2301
831 576 3195 1904
81 1421 3233 2188
1381 6 1465 1530
1759 57 3189 1202
4233 2023 4677 2403
1415 449 3319 1122
777 1244 3593 2125
1687 872 3265 2236
1569 297 1901 2034
71 233 1765 722
4251 1248 4383 1709
1865 1390 4089 2292
3257 1474 4601 1663
1075 1680 4247 2068
4191 651 4643 1484
1489 103 4665 122
3495 464 4321 583
1467 868 1519 1634
2813 1083 4727 2008
3285 1762 3627 2334
4041 873 4603 2483
207 301 745 602
2645 1237 4899 1276
933 217 1041 227
1211 708 4877 1055
3193 709 4905 1264
2715 324 3591 2179
15 1540 263 2307
3849 813 4707 1120
369 1015 3127 1163
1143 58 1821 1063
1833 979 3461 1567
617 146 3619 627
1169 315 2261 2045
669 642 3459 1688
497 647 4253 1261
1361 428 3311 673
847 1534 2885 1837
1479 116 4545 995
2435 82 3013 2064
951 1108 4583 1854
99 433 167 744
69 772 4257 2314
3471 875 3537 1298
2773 240 4029 1564
2211 416 4939 953
1205 221 2701 2338
533 784 2359 1155
2187 42 3665 1636
3667 230 4237 882
499 81 2723 1288
543 65 1697 210
3021 757 3125 1297
1879 102 4327 2076
1573 50 3261 1668
635 1281 735 1834
1931 1193 3123 2017
337 1187 3519 1502
879 385 4469 2462
2555 1693 3117 2425
577 975 4943 1907
23 720 4965 2192
2411 1151 4713 1352
41 1748 3263 1916
1743 246 2101 2052
4681 1394 4923 1666
1717 13 4773 2065
445 328 3093 2237
1127 1296 2279 2061
2135 1354 3369 2273
325 908 3421 1968
1345 620 3709 2257
299 275 2913 298
599 589 4159 1285
569 971 3185 988
721 205 979 749
1277 93 2687 1611
1839 2487 2161 2490
1077 984 4791 2128
4355 1433 4789 1768
2511 409 3507 1753
1831 194 3055 203
681 1178 3965 2100
2049 1093 3905 1339
1587 1924 2621 2269
1463 1489 3861 1728
891 331 4155 957
1185 898 3565 1523
751 136 1585 1386
729 681 1709 1601
1773 373 4489 420
367 305 4957 2212
627 1292 3615 1410
2393 86 4401 166
3869 1641 4095 1775
3245 201 4405 1926
865 12 1847 1812
2673 463 4559 1821
2127 370 4075 1550
1835 485 2713 712
1421 393 4069 982
1475 702 4343 1823
235 79 3105 2296
2467 954 2697 1303
1591 920 3379 1749
609 440 2015 1818
1863 1256 3447 1770
2475 1710 4273 2429
2091 18 3403 43
1137 580 3135 1396
1065 403 2719 890
1331 1252 3885 1892
2193 1983 4731 2155
3337 1074 4081 1738
1123 501 4605 2318
2529 1681 3581 1771
525 168 4889 1251
161 1942 4243 2482
661 842 1487 1669
4431 63 4829 460
3839 1579 4211 2215
2215 547 2315 860
1403 800 4597 1742
965 209 1397 1508
1203 597 4005 1018
4021 1191 4533 2252
457 5 2891 2086
2993 354 2995 2134
867 728 1163 2416
2969 405 3187 2095
2557 1560 3061 1873
181 1029 1813 2359
1995 258 3083 1402
1187 1492 4887 1677
169 480 2449 2363
1121 913 4535 1160
2721 1041 3147 1734
1339 1088 1837 2308
1805 224 4045 1980
185 598 4239 1294
1055 1152 2911 2399
189 945 1735 1215
541 633 3763 1472
1607 1195 3129 1290
2455 1287 2611 1420
4135 1408 4599 1794
1559 273 3781 1496
365 840 3661 2460
1119 564 4919 2469
615 1075 1179 1087
4453 1920 4949 1996
241 355 4799 483
3155 426 4323 595
2143 1900 3073 2094
3255 198 4025 644
453 54 4019 1705
75 451 2573 1934
2085 1134 2361 1660
141 269 2483 476
1059 1072 1897 1625
1491 1835 1947 2375
239 212 561 856
1899 1066 2749 1092
3823 262 4845 1371
1021 398 4017 812
639 1027 3171 1584
2025 276 2651 526
3137 60 4281 829
3293 436 3607 1811
1057 1784 2351 1930
1145 124 3879 2354
2421 1481 3603 2365
3671 1442 4151 1521
1285 293 4099 560
3919 358 4541 690
345 932 1279 1533
1433 621 3283 2390
1855 1755 3875 1820
251 1042 921 1544
4165 277 4529 1743
399 1078 1175 2357
781 100 3033 295
2709 1707 4435 2331
1665 52 1973 349
3795 554 3799 1813
191 92 3217 1863
2197 454 2653 1852
4595 780 4859 793
349 435 2967 1084
694 3156 1438 4992
3842 3557 4712 4843
126 2946 370 4128
316 3674 2878 4200
3694 2631 3714 4146
4040 4124 4650 4330
1286 3015 1764 3353
3668 3738 4918 4676
1494 3103 2054 3734
614 3904 4602 4498
1978 3534 2242 4118
1872 2723 3196 3553
3958 2576 4988 4203
1038 3872 2732 3892
714 3010 3616 4344
1266 3136 4226 3625
1786 3812 4210 4892
2376 3061 3134 4387
3340 3908 4590 4836
2406 2678 2700 3409
2278 3930 3124 4962
2220 4279 3422 4603
1356 3631 4246 4046
1662 2999 2490 3917
924 4159 1136 4779
4666 4450 4886 4478
1914 3045 3710 3748
450 4096 2818 4951
3066 2762 3356 3842
1848 2769 2418 3208
2290 2817 2688 3668
364 2818 530 3375
622 3926 2154 4491
54 2612 3984 3135
2774 2658 2948 4612
4030 2620 4540 2894
864 2661 3740 2888
2856 3922 3352 4984
4806 2956 4960 4629
1624 2733 3000 3438
4414 4121 4900 4516
520 2649 4926 4748
222 3383 4488 4438
348 3201 3768 3354
106 2881 4868 3690
234 3341 3116 4749
2528 3060 3990 3549
964 3214 4308 4882
2066 2776 2398 3656
2244 4009 4058 4523
556 3247 1630 3249
3362 2655 4434 4550
1696 2893 1880 4111
1874 3586 2716 3601
162 3309 4390 3582
1512 2511 4310 4946
100 2621 3366 4403
844 3312 1380 4204
1548 2575 4890 4410
2930 3737 3638 4814
2192 4642 2892 4801
246 3770 2500 4729
2114 3472 3688 3924
2586 3835 3026 4424
62 3691 4524 4137
210 2759 3476 4471
1650 2589 2444 3034
2640 2542 3420 4561
1348 2982 1452 4304
4204 2624 4906 4031
1208 3639 1718 3827
4110 2997 4216 3637
2488 4273 4766 4764
1250 2644 3412 4105
1858 4611 2594 4739
682 2508 1828 3464
2744 3007 3410 3147
4070 2622 4920 4644
1840 3460 4982 4023
2760 4016 4124 4563
2482 2524 4892 4333
488 2653 2854 4698
3288 3077 3388 3109
420 3218 4688 4661
1176 3474 2182 3657
4478 3714 4742 4833
1474 3248 3876 3867
684 2766 4620 3097
2012 4314 3982 4907
2000 2743 2152 2782
536 2719 948 3849
1066 2639 4888 4189
1794 2771 4782 3295
2010 3245 3520 3360
2140 2837 4894 4614
232 3080 308 4745
1322 2992 2660 3588
1094 4090 2582 4571
1190 2830 4530 4980
1856 3009 3438 3211
1358 2843 2632 4685
1708 2847 4564 4740
3144 2823 3622 4196
600 2684 2230 4280
3260 4454 3790 4863
326 3597 4466 4619
2144 2828 2866 3540
1894 2686 4032 4404
4006 4393 4170 4439
904 3861 2722 3889
1114 3036 2792 4391
404 3228 1450 3798
3732 3759 4848 3866
88 2805 3302 4066
1366 4178 4010 4781
4420 3267 4980 3964
2430 3070 2496 4311
120 2770 2394 4064
1344 3461 3550 3615
2562 2700 3812 4040
2098 3696 4086 4969
2456 3587 3730 3869
102 4307 4910 4599
20 3368 3400 4341
378 3711 1756 4148
728 3422 2532 4665
148 3110 4430 4626
3718 3401 4646 4155
794 3052 2266 3066
2358 2745 3660 4820
878 3196 2852 4602
2796 3087 3310 3607
200 3290 1098 3369
1788 4068 4072 4447
1260 3580 1684 3603
866 3174 3250 3708
1440 3179 1674 4783
3750 2995 4168 3936
256 4363 3304 4870
1738 2560 4710 3995
304 2775 1946 3281
722 3350 2102 4470
14 3362 3184 4848
254 2751 4454 4313
894 4649 908 4660
4278 4183 4946 4650
992 3091 2106 3817
1074 4775 3156 4839
1710 3379 3650 4149
3110 3075 4172 3498
10 2863 4318 3405
3584 3225 4768 3884
632 3850 2558 4897
1082 2582 4876 3018
680 4342 4264 4552
764 3929 3038 4430
558 3779 3778 4950
1642 2643 2124 3894
2174 3370 3966 3651
1430 2754 4220 4769
2630 2638 4154 3577
12 4648 134 4940
2738 3941 3236 4549
1206 3518 1302 3693
8 2713 930 3306
2448 3837 4762 4926
858 3653 1216 4092
418 3162 2992 3189
826 3388 1706 4896
1020 2926 3810 4977
242 3024 2668 3337
2416 4030 3774 4860
2848 2988 3076 3343
1198 3014 1758 4440
1376 2757 3428 3903
2078 2651 2110 3055
2058 2848 4732 4135
522 3488 1818 4019
752 2507 3258 2824
1618 3909 3632 4327
1170 2747 4836 3907
1362 4047 4966 4680
1754 3272 2694 4794
2338 3083 3702 4565
1400 4321 3856 4641
1714 4529 3170 4537
554 2990 1928 3942
636 4714 2898 4736
1976 2703 4268 4906
2176 3469 4016 3982
484 3548 2208 4089
3226 2691 4522 4734
1004 3911 1268 4815
2366 3106 2698 3976
760 3315 836 3492
44 3285 1998 4547
182 3756 4990 3901
3604 3945 3914 4944
1680 2646 3700 2943
640 2746 1846 4448
2590 3242 4902 3673
236 3724 666 4594
1428 2545 2350 2705
414 3177 4138 4672
1994 3314 3022 4919
702 3778 4250 3797
1726 2827 1910 3683
3586 3313 3640 4051
4022 2993 4644 4694
2662 3359 2714 3960
3322 4036 3954 4506
2360 2550 3404 4048
3994 2934 4362 3618
184 3761 3488 4608
1534 2901 3626 4930
3556 3496 4840 3801
1924 2731 3484 3263
2306 2981 3328 3427
2136 2930 2554 4997
1654 3446 1778 3512
2250 3251 4214 4477
298 2571 3636 3278
512 2907 4122 3064
2258 2864 4974 3027
1504 4308 3242 4808
128 3932 4088 4416
2158 3923 2636 4366
2928 3713 4740 4339
1870 4136 4274 4701
2886 4116 3054 4816
2840 2846 3654 3298
2108 2900 4772 2989
932 2702 4198 3533
1822 2919 4788 2975
294 3802 2790 4073
1644 3620 4376 4024
500 3268 1468 4419
3726 2726 4986 3457
1244 4421 3152 4821
1168 3269 4704 3870
592 3913 936 4987
934 3068 2746 3344
346 3463 3530 4117
2370 3883 3010 4237
1526 2851 2164 3596
4428 3392 4452 4175
192 4005 3058 4869
2028 3224 3458 4942
4096 2878 4498 3356
2970 3878 4450 4709
2128 4063 3782 4207
2580 3494 3222 4230
1246 2954 3056 3396
1668 2625 4438 3159
2068 2949 3324 4112
1278 2683 2908 4260
1248 3644 4506 4921
4830 2562 4940 4058
1584 2789 2890 4446
1598 2972 4468 3329
1612 2950 4608 4413
1258 2859 4936 3524
3938 4097 4050 4569
3928 3616 4972 3795
1018 3485 3968 4553
198 2737 2492 4607
2092 3113 4374 4727
286 3858 2786 4201
4668 2642 4862 4289
396 3466 3674 4244
1484 3991 2966 4488
1606 2939 3178 4449
320 3244 3256 4070
1772 2952 3358 4812
1490 2539 1704 3773
604 2595 3132 3846
2684 3284 3804 4483
3522 2718 3946 4822
2196 4056 2868 4468
1228 3331 3888 4909
1736 2634 2968 3505
2246 3571 2740 4245
1214 3876 3758 4356
358 3107 736 4223
158 3720 4544 4620
598 4325 2548 4716
306 3167 2292 3434
3882 3403 4426 3780
350 2666 1044 2868
574 2799 3786 3357
634 2528 3606 3220
3350 3736 3552 4114
3652 3153 4176 4080
588 3634 692 4827
2678 2883 3678 4495
1790 2660 3572 4521
1964 3944 2634 4517
454 2543 4558 4226
1482 3122 3596 3514
1860 3235 3838 3417
2336 3246 3980 4162
1524 3277 2626 4255
2508 3239 4048 3287
1898 2635 4824 4386
448 2712 898 4844
1416 3303 1922 4592
402 4329 1632 4429
1936 3212 4582 3888
888 3952 4290 4246
172 2547 3164 3250
564 3005 914 4337
1138 4406 4314 4793
594 3743 2334 3873
3080 2572 4298 4202
94 4634 1186 4970
2298 3487 2550 3871
1628 2767 2620 4190
892 3293 4092 4057
796 2963 4422 4464
3922 2584 4378 4467
3432 4027 4874 4551
3006 3008 4858 4510
2212 2709 3198 4379
2340 3595 3528 3933
2234 2807 3408 4512
2576 2914 4938 3576
1646 3327 1984 4269
1826 3384 2222 4475
708 2502 2536 3437
4654 2765 4754 4261
2924 3830 3696 4647
4002 2529 4964 3527
1352 4423 2184 4883
168 2912 3568 4216
352 3777 516 4715
1804 2961 4882 3078
2396 4623 3218 4832
464 2541 638 2853
2006 2728 2816 4991
32 3710 278 4957
1236 3406 1486 3623
2130 4233 2316 4388
676 4205 3150 4788
1294 3181 3480 3880
2518 2892 3886 3776
2318 2720 3934 2835
918 3507 4324 4904
4480 3367 4490 4018
1048 4539 4570 4887
3932 2813 4458 4371
