10
5
2
3
1
1
3
2
2
2
2
2
10
1
1
1
1
1
1
1
1
2
2
1
2
1
2
1
2
3
1
3
1
15
1
3
3
1
2
2
1
3
2
1
3
2
2
2
2
2
3
3
2
2
3
3
3
1
1
3
3
1
1
1
15
1
1
1
3
3
3
3
3
2
2
3
1
1
1
1
1
3
3
1
2
2
1
1
1
1
2
2
2
3
1
20
2
2
1
1
2
2
2
2
1
1
2
3
3
3
1
1
1
2
2
1
2
3
3
2
1
3
3
1
2
3
3
3
3
2
2
3
3
2
1
3
20
1
1
1
3
3
3
3
3
3
1
2
2
1
3
3
1
2
3
3
3
2
2
1
1
1
1
2
2
1
1
2
2
1
1
2
2
2
3
1
1
25
1
3
2
1
1
2
2
1
3
2
1
3
3
1
1
1
1
3
3
1
2
3
3
3
3
2
2
2
3
1
2
2
1
1
1
3
2
1
1
1
1
1
3
3
3
3
3
2
2
2
30
1
1
1
3
2
2
3
1
2
2
1
1
1
1
1
1
1
3
3
1
1
1
1
3
3
3
2
1
3
2
2
2
1
1
1
1
2
3
3
3
3
3
3
3
1
2
3
1
1
1
1
1
1
3
2
2
2
1
1
2
30
2
2
1
1
1
3
2
1
3
3
3
3
1
1
3
3
3
3
3
2
1
3
2
2
3
3
3
3
2
2
2
2
2
3
3
2
1
3
3
1
2
3
3
3
1
2
3
3
3
1
1
3
2
2
2
2
3
3
2
2
30
1
3
3
3
3
1
1
1
2
3
3
2
2
2
2
2
2
2
2
3
3
3
1
1
1
1
3
2
1
3
2
3
1
1
3
2
1
1
1
1
1
3
2
1
3
3
3
3
3
2
1
3
2
1
3
2
1
1
1
3
