5
63 32
7 69 87 54 1 27 92 58 24 86 16 18 14 68 65 24 37 66 78 14 27 72 23 65 9 43 45 3 7 59 33 66 28 20 20 29 99 12 39 23 51 55 94 17 23 11 93 60 77 72 26 57 96 2 22 58 45 68 61 4 27 47
70 7 19 42 36 19 7 27 94 58 82 40 27 57 51 21 69 81 93 96 38 41 50 60 99 47 28 61 52 7 60
81 19
66 66 66 66 66 66 66 66 66 66 66 66 66 66 66 66 66 66 66 66 66 66 66 66 66 66 66 66 66 66 66 66 66 66 66 66 66 66 66 66 66 66 66 66 66 66 66 66 66 66 66 66 66 66 66 66 66 66 66 66 66 66 66 66 66 66 66 66 66 66 66 66 66 66 66 66 66 66 66 66
54 54 54 54 54 54 54 54 54 54 54 54 54 54 54 54 54 54
83 99
24 24 24 24 24 24 24 24 24 24 24 24 24 24 24 24 24 24 24 24 24 24 24 24 24 24 24 24 24 24 24 24 24 24 24 24 24 24 24 24 24 24 24 24 24 24 24 24 24 24 24 24 24 24 24 24 24 24 24 24 24 24 24 24 24 24 24 24 24 24 24 24 24 24 24 24 24 24 24 24 24 24
34 34 34 34 34 34 34 34 34 34 34 34 34 34 34 34 34 34 34 34 34 34 34 34 34 34 34 34 34 34 34 34 34 34 34 34 34 34 34 34 34 34 34 34 34 34 34 34 34 34 34 34 34 34 34 34 34 34 34 34 34 34 34 34 34 34 34 34 34 34 34 34 34 34 34 34 34 34 34 34 34 34 34 34 34 34 34 34 34 34 34 34 34 34 34 34 34 34
39 63
72 41 82 42 22 27 90 60 69 40 72 20 87 53 81 91 60 93 66 79 25 35 33 75 11 15 24 45 30 14 58 3 55 41 45 29 20 87
89 41 27 13 62 66 66 95 10 79 41 28 58 66 63 91 93 74 58 18 71 41 32 29 44 39 22 41 68 43 28 9 36 7 22 50 25 89 98 35 20 39 63 78 5 78 21 98 52 80 68 75 21 52 5 17 91 27 10 11 22 38
99 49
11 11 11 11 11 11 11 11 11 11 11 11 11 11 11 11 11 11 11 11 11 11 11 11 11 11 11 11 11 11 11 11 11 11 11 11 11 11 11 11 11 11 11 11 11 11 11 11 11 11 11 11 11 11 11 11 11 11 11 11 11 11 11 11 11 11 11 11 11 11 11 11 11 11 11 11 11 11 11 11 11 11 11 11 11 11 11 11 11 11 11 11 11 11 11 11 11 11
61 61 61 61 61 61 61 61 61 61 61 61 61 61 61 61 61 61 61 61 61 61 61 61 61 61 61 61 61 61 61 61 61 61 61 61 61 61 61 61 61 61 61 61 61 61 61 61
